%YAML:1.0
---
Kl: !!opencv-matrix
   rows: 3
   cols: 3
   dt: d
   data: [ 3.7226455097019851e+02, 0., 2.9552389100739776e+02, 0.,
       3.8073700081820601e+02, 2.3824891882844796e+02, 0., 0., 1. ]
Kr: !!opencv-matrix
   rows: 3
   cols: 3
   dt: d
   data: [ 3.7226455097019851e+02, 0., 2.9552389100739776e+02, 0.,
       3.8073700081820601e+02, 2.3824891882844796e+02, 0., 0., 1. ]
Dl: !!opencv-matrix
   rows: 5
   cols: 1
   dt: d
   data: [ -3.2676697671581473e-01, 1.2275466692162940e-01,
       -2.4297367846139841e-03, 4.8114804265068575e-03,
       -1.6864099129153709e-02 ]
Dr: !!opencv-matrix
   rows: 5
   cols: 1
   dt: d
   data: [ -3.2676697671581473e-01, 1.2275466692162940e-01,
       -2.4297367846139841e-03, 4.8114804265068575e-03,
       -1.6864099129153709e-02 ]
R: !!opencv-matrix
   rows: 3
   cols: 3
   dt: d
   data: [ 9.9795580434803910e-01, 1.1054451162104883e-02,
       -6.2944512688264065e-02, -1.3438574248312999e-02,
       9.9920325388396136e-01, -3.7580076501736892e-02,
       6.2478934771897136e-02, 3.8349139980036799e-02,
       9.9730924299966284e-01 ]
T: [ -1.0317190338571272e-01, -1.9027260640941436e-03,
    2.9255101683342637e-03 ]
Rl: !!opencv-matrix
   rows: 3
   cols: 3
   dt: d
   data: [ 9.9536706488487781e-01, 2.8378400075276044e-02,
       -9.1864424842431944e-02, -3.0102419169721506e-02,
       9.9939473482788344e-01, -1.7435835467072561e-02,
       9.1314021390987044e-02, 2.0120397796067935e-02,
       9.9561886236146324e-01 ]
Rr: !!opencv-matrix
   rows: 3
   cols: 3
   dt: d
   data: [ 9.9942840895152041e-01, 1.8431747602822301e-02,
       -2.8339478840270788e-02, -1.7895633480733818e-02,
       9.9965824458031038e-01, 1.9056241626712815e-02,
       2.8681033505707915e-02, -1.8538196323220828e-02,
       9.9941669667567901e-01 ]
Pl: !!opencv-matrix
   rows: 3
   cols: 4
   dt: d
   data: [ 3.4262317054222882e+02, 0., 3.4146153640747070e+02, 0., 0.,
       3.4262317054222882e+02, 2.3396845817565918e+02, 0., 0., 0., 1.,
       0. ]
Pr: !!opencv-matrix
   rows: 3
   cols: 4
   dt: d
   data: [ 3.4262317054222882e+02, 0., 3.4146153640747070e+02,
       -3.5369301424974893e+01, 0., 3.4262317054222882e+02,
       2.3396845817565918e+02, 0., 0., 0., 1., 0. ]
Q: !!opencv-matrix
   rows: 4
   cols: 4
   dt: d
   data: [ 1., 0., 0., -3.4146153640747070e+02, 0., 1., 0.,
       -2.3396845817565918e+02, 0., 0., 0., 3.4262317054222882e+02, 0.,
       0., 9.6870211380623008e+00, 0. ]
